456250.000    30.4447858054   114.4718661162     21.095    0.010    0.009    0.019 
456251.000    30.4447857891   114.4718661133     21.091    0.010    0.009    0.019 
456252.000    30.4447858189   114.4718661201     21.087    0.010    0.009    0.019 
456253.000    30.4447858069   114.4718661154     21.092    0.010    0.009    0.019 
456254.000    30.4447858370   114.4718661075     21.091    0.010    0.009    0.019 
456255.000    30.4447857946   114.4718661173     21.095    0.010    0.009    0.019 
456256.000    30.4447858187   114.4718661324     21.087    0.010    0.009    0.019 
456257.000    30.4447858376   114.4718661399     21.084    0.010    0.009    0.019 
456258.000    30.4447858184   114.4718661156     21.088    0.010    0.009    0.019 
456259.000    30.4447858500   114.4718661232     21.088    0.010    0.009    0.019 
456260.000    30.4447858269   114.4718661128     21.089    0.010    0.009    0.019 
456261.000    30.4447858603   114.4718661287     21.092    0.010    0.009    0.019 
456262.000    30.4447858297   114.4718661103     21.088    0.010    0.009    0.019 
456263.000    30.4447858175   114.4718660825     21.090    0.010    0.009    0.019 
456264.000    30.4447858292   114.4718661086     21.093    0.010    0.009    0.019 
456265.000    30.4447858406   114.4718661493     21.085    0.010    0.009    0.019 
456266.000    30.4447858345   114.4718661347     21.092    0.010    0.009    0.019 
456267.000    30.4447857724   114.4718660661     21.088    0.010    0.009    0.019 
456268.000    30.4447858028   114.4718661555     21.098    0.010    0.009    0.019 
456269.000    30.4447858104   114.4718661477     21.092    0.010    0.009    0.019 
456270.000    30.4447858150   114.4718661551     21.087    0.010    0.009    0.019 
456271.000    30.4447858470   114.4718661349     21.096    0.010    0.009    0.019 
456272.000    30.4447858262   114.4718661144     21.092    0.010    0.009    0.019 
456273.000    30.4447858496   114.4718661145     21.088    0.010    0.009    0.019 
456274.000    30.4447858207   114.4718661167     21.094    0.010    0.009    0.019 
456275.000    30.4447858048   114.4718661095     21.089    0.010    0.009    0.019 
456276.000    30.4447858146   114.4718661161     21.091    0.010    0.009    0.019 
456277.000    30.4447858369   114.4718661375     21.089    0.010    0.009    0.019 
456278.000    30.4447858194   114.4718661044     21.094    0.010    0.009    0.019 
456279.000    30.4447858455   114.4718661486     21.093    0.010    0.009    0.019 
456280.000    30.4447858341   114.4718661060     21.094    0.010    0.009    0.019 
456281.000    30.4447858381   114.4718661402     21.092    0.010    0.009    0.019 
456282.000    30.4447858350   114.4718661252     21.091    0.010    0.009    0.019 
456283.000    30.4447858495   114.4718661145     21.089    0.010    0.009    0.019 
456284.000    30.4447858469   114.4718661129     21.092    0.010    0.009    0.019 
456285.000    30.4447858504   114.4718661606     21.094    0.010    0.009    0.019 
456286.000    30.4447858368   114.4718661647     21.094    0.010    0.009    0.019 
456287.000    30.4447858264   114.4718661380     21.096    0.010    0.009    0.019 
456288.000    30.4447858446   114.4718661069     21.096    0.010    0.009    0.019 
456289.000    30.4447858148   114.4718661326     21.094    0.010    0.009    0.019 
456290.000    30.4447858377   114.4718661107     21.090    0.010    0.009    0.019 
456291.000    30.4447858336   114.4718661130     21.094    0.010    0.009    0.019 
456292.000    30.4447858474   114.4718661218     21.090    0.010    0.009    0.019 
456293.000    30.4447857904   114.4718660950     21.096    0.010    0.009    0.019 
456294.000    30.4447857730   114.4718661130     21.094    0.010    0.009    0.019 
456295.000    30.4447858460   114.4718661101     21.096    0.010    0.009    0.019 
456296.000    30.4447858463   114.4718660955     21.096    0.010    0.009    0.019 
456297.000    30.4447858347   114.4718661109     21.095    0.010    0.009    0.019 
456298.000    30.4447858388   114.4718660768     21.101    0.010    0.009    0.019 
456299.000    30.4447858498   114.4718661029     21.098    0.010    0.009    0.019 
456300.000    30.4447858174   114.4718660799     21.102    0.010    0.009    0.019 
456301.000    30.4447858449   114.4718661417     21.093    0.010    0.009    0.019 
456302.000    30.4447858347   114.4718661464     21.088    0.010    0.009    0.019 
456303.000    30.4447858057   114.4718660985     21.101    0.010    0.009    0.019 
456304.000    30.4447858305   114.4718660962     21.101    0.010    0.009    0.019 
456305.000    30.4447858300   114.4718661190     21.094    0.010    0.009    0.019 
456306.000    30.4447857861   114.4718660846     21.104    0.010    0.009    0.019 
456307.000    30.4447858537   114.4718661050     21.091    0.010    0.009    0.019 
456308.000    30.4447858158   114.4718661062     21.096    0.010    0.009    0.019 
456309.000    30.4447858123   114.4718661340     21.096    0.010    0.009    0.019 
456310.000    30.4447858307   114.4718661330     21.097    0.010    0.009    0.019 
456311.000    30.4447858368   114.4718661170     21.090    0.010    0.009    0.019 
456312.000    30.4447858542   114.4718661252     21.089    0.010    0.009    0.019 
456313.000    30.4447858156   114.4718661329     21.089    0.010    0.009    0.019 
456314.000    30.4447858410   114.4718661011     21.094    0.010    0.009    0.019 
456315.000    30.4447858137   114.4718661202     21.094    0.010    0.009    0.019 
456316.000    30.4447858337   114.4718661291     21.092    0.010    0.009    0.019 
456317.000    30.4447858344   114.4718661053     21.098    0.010    0.009    0.019 
456318.000    30.4447858144   114.4718661003     21.096    0.010    0.009    0.019 
456319.000    30.4447858341   114.4718661152     21.092    0.010    0.009    0.019 
456320.000    30.4447857902   114.4718661005     21.096    0.010    0.009    0.019 
456321.000    30.4447858323   114.4718661486     21.091    0.010    0.009    0.019 
456322.000    30.4447857823   114.4718661028     21.100    0.010    0.009    0.019 
456323.000    30.4447857776   114.4718661164     21.098    0.010    0.009    0.019 
456324.000    30.4447857877   114.4718661309     21.091    0.010    0.009    0.019 
456325.000    30.4447858170   114.4718661299     21.099    0.010    0.009    0.019 
456326.000    30.4447858334   114.4718661355     21.097    0.010    0.009    0.019 
456327.000    30.4447858070   114.4718661196     21.093    0.010    0.009    0.019 
456328.000    30.4447858178   114.4718661132     21.095    0.010    0.009    0.019 
456329.000    30.4447858273   114.4718661292     21.103    0.010    0.009    0.019 
456330.000    30.4447858305   114.4718661029     21.097    0.010    0.009    0.019 
456331.000    30.4447858554   114.4718661508     21.098    0.010    0.009    0.019 
456332.000    30.4447858353   114.4718661158     21.091    0.010    0.009    0.019 
456333.000    30.4447858346   114.4718661073     21.089    0.010    0.009    0.019 
456334.000    30.4447858023   114.4718660859     21.096    0.010    0.009    0.019 
456335.000    30.4447858174   114.4718660909     21.092    0.011    0.009    0.019 
456336.000    30.4447857752   114.4718660777     21.097    0.011    0.009    0.019 
456337.000    30.4447857771   114.4718660604     21.088    0.011    0.009    0.019 
456338.000    30.4447857613   114.4718660933     21.096    0.011    0.009    0.019 
456339.000    30.4447858221   114.4718660854     21.092    0.011    0.009    0.019 
456340.000    30.4447858042   114.4718660652     21.101    0.011    0.009    0.019 
456341.000    30.4447858372   114.4718661161     21.095    0.011    0.009    0.019 
456342.000    30.4447857971   114.4718661087     21.096    0.011    0.009    0.019 
456343.000    30.4447857766   114.4718662418     21.089    0.010    0.009    0.019 
456344.000    30.4447858268   114.4718662598     21.084    0.010    0.009    0.019 
456345.000    30.4447857746   114.4718661559     21.085    0.011    0.009    0.019 
456346.000    30.4447858097   114.4718661907     21.090    0.010    0.009    0.019 
456347.000    30.4447858210   114.4718662067     21.085    0.010    0.009    0.019 
456348.000    30.4447858437   114.4718661356     21.082    0.010    0.009    0.019 
456349.000    30.4447858258   114.4718661523     21.088    0.010    0.009    0.019 
456350.000    30.4447858082   114.4718661860     21.078    0.010    0.009    0.019 
456351.000    30.4447858195   114.4718661646     21.088    0.010    0.009    0.019 
456352.000    30.4447857745   114.4718661610     21.083    0.010    0.009    0.019 
456353.000    30.4447858034   114.4718661815     21.083    0.010    0.009    0.019 
456354.000    30.4447858187   114.4718661940     21.077    0.010    0.009    0.019 
456355.000    30.4447857931   114.4718661685     21.088    0.010    0.009    0.019 
456356.000    30.4447858073   114.4718661679     21.089    0.010    0.009    0.019 
456357.000    30.4447858384   114.4718661776     21.084    0.010    0.009    0.019 
456358.000    30.4447857862   114.4718661545     21.083    0.010    0.009    0.019 
456359.000    30.4447858146   114.4718661556     21.087    0.010    0.009    0.019 
456360.000    30.4447857720   114.4718661254     21.087    0.010    0.009    0.019 
456361.000    30.4447857918   114.4718661423     21.086    0.010    0.009    0.019 
456362.000    30.4447840371   114.4718659732     21.073    0.010    0.009    0.019 
456363.000    30.4447785340   114.4718658590     21.075    0.010    0.009    0.019 
456364.000    30.4447646981   114.4718669295     21.068    0.010    0.009    0.019 
456365.000    30.4447413450   114.4718698824     21.063    0.010    0.009    0.019 
456366.000    30.4447105702   114.4718731940     21.063    0.010    0.010    0.023 
456367.000    30.4446734487   114.4718761351     21.068    0.010    0.010    0.023 
456368.000    30.4446290126   114.4718781299     21.047    0.011    0.010    0.025 
456369.000    30.4445775820   114.4718782184     21.064    0.011    0.010    0.025 
456370.000    30.4445202334   114.4718777688     21.016    0.011    0.010    0.025 
456371.000    30.4444564521   114.4718781046     20.994    0.011    0.010    0.025 
456372.000    30.4443857677   114.4718773806     20.962    0.011    0.010    0.025 
456373.000    30.4443077884   114.4718766324     20.949    0.011    0.010    0.025 
456374.000    30.4442206550   114.4718754654     20.916    0.011    0.010    0.025 
456375.000    30.4441259550   114.4718750563     20.874    0.011    0.010    0.025 
456376.000    30.4440254957   114.4718748674     20.844    0.011    0.010    0.025 
456377.000    30.4439216125   114.4718745480     20.768    0.011    0.013    0.025 
456378.000    30.4438165434   114.4718744442     20.746    0.012    0.012    0.026 
456379.000    30.4437126291   114.4718741371     20.722    0.012    0.010    0.025 
456380.000    30.4436117506   114.4718738080     20.679    0.012    0.010    0.025 
456381.000    30.4435140559   114.4718729644     20.643    0.011    0.010    0.025 
456382.000    30.4434214719   114.4718713108     20.601    0.011    0.010    0.025 
456383.000    30.4433371925   114.4718696223     20.581    0.012    0.012    0.030 
456384.000    30.4432611797   114.4718680125     20.513    0.012    0.012    0.030 
456385.000    30.4431910038   114.4718673067     20.444    0.011    0.010    0.025 
456386.000    30.4431248862   114.4718641729     20.329    0.011    0.010    0.025 
456387.000    30.4430617413   114.4718492536     20.199    0.011    0.010    0.025 
456388.000    30.4430036311   114.4718191580     20.158    0.011    0.010    0.025 
456389.000    30.4429524451   114.4717736952     20.091    0.011    0.009    0.020 
456390.000    30.4429144862   114.4717117727     20.136    0.010    0.009    0.019 
456391.000    30.4428928053   114.4716376475     20.217    0.010    0.009    0.019 
456392.000    30.4428821369   114.4715548371     20.274    0.010    0.010    0.023 
456393.000    30.4428774147   114.4714639304     20.275    0.011    0.010    0.025 
456394.000    30.4428751082   114.4713652854     20.339    0.011    0.010    0.025 
456395.000    30.4428728597   114.4712606502     20.376    0.011    0.010    0.025 
456396.000    30.4428702026   114.4711507179     20.401    0.012    0.011    0.029 
456397.000    30.4428676030   114.4710356194     20.467    0.010    0.010    0.023 
456398.000    30.4428660638   114.4709156042     20.531    0.011    0.010    0.027 
456399.000    30.4428666057   114.4707916077     20.572    0.011    0.009    0.020 
456400.000    30.4428681922   114.4706681456     20.633    0.011    0.009    0.020 
456401.000    30.4428658041   114.4705559877     20.618    0.013    0.012    0.025 
456402.000    30.4428532823   114.4704498593     20.705    0.021    0.015    0.038 
456403.000    30.4428336674   114.4703461274     20.792    0.013    0.010    0.027 
456404.000    30.4428124198   114.4702425831     20.828    0.013    0.010    0.027 
456405.000    30.4427949727   114.4701350529     20.937    0.013    0.010    0.027 
456406.000    30.4427845736   114.4700200826     21.018    0.013    0.010    0.027 
456407.000    30.4427802777   114.4698996344     21.071    0.013    0.010    0.027 
456408.000    30.4427777698   114.4697752922     21.110    0.011    0.010    0.025 
456409.000    30.4427761137   114.4696503183     21.124    0.011    0.010    0.025 
456410.000    30.4427759403   114.4695255351     21.178    0.011    0.010    0.025 
456411.000    30.4427756371   114.4693998679     21.218    0.011    0.010    0.025 
456412.000    30.4427749947   114.4692745166     21.291    0.011    0.010    0.025 
456413.000    30.4427734455   114.4691502493     21.371    0.012    0.010    0.025 
456414.000    30.4427752722   114.4690271145     21.350    0.012    0.010    0.025 
456415.000    30.4427787283   114.4689040093     21.394    0.012    0.010    0.025 
456416.000    30.4427821703   114.4687826633     21.427    0.012    0.010    0.025 
456417.000    30.4427856692   114.4686664352     21.447    0.011    0.010    0.025 
456418.000    30.4427891537   114.4685607041     21.459    0.012    0.010    0.025 
456419.000    30.4427919500   114.4684583764     21.506    0.012    0.010    0.025 
456420.000    30.4427937020   114.4683588803     21.553    0.012    0.010    0.025 
456421.000    30.4427941988   114.4682679266     21.602    0.012    0.010    0.025 
456422.000    30.4427947114   114.4681880211     21.609    0.012    0.010    0.025 
456423.000    30.4427950406   114.4681223812     21.624    0.011    0.009    0.020 
456424.000    30.4427950599   114.4680701784     21.633    0.011    0.009    0.020 
456425.000    30.4427954164   114.4680274160     21.661    0.011    0.009    0.020 
456426.000    30.4427953859   114.4679985845     21.675    0.011    0.009    0.020 
456427.000    30.4427951265   114.4679815075     21.692    0.011    0.009    0.020 
456428.000    30.4427949631   114.4679728526     21.685    0.011    0.009    0.020 
456429.000    30.4427949329   114.4679713125     21.690    0.011    0.009    0.020 
456430.000    30.4427949585   114.4679712820     21.688    0.011    0.009    0.020 
456431.000    30.4427949273   114.4679712368     21.690    0.011    0.009    0.020 
456432.000    30.4427949170   114.4679712658     21.685    0.011    0.009    0.020 
456433.000    30.4427949066   114.4679712311     21.690    0.011    0.009    0.020 
456434.000    30.4427949103   114.4679712537     21.689    0.011    0.009    0.020 
456435.000    30.4427949689   114.4679712521     21.680    0.010    0.009    0.019 
456436.000    30.4427949342   114.4679712160     21.684    0.010    0.009    0.019 
456437.000    30.4427949280   114.4679712078     21.686    0.010    0.009    0.019 
456438.000    30.4427949254   114.4679712025     21.689    0.010    0.009    0.019 
456439.000    30.4427949186   114.4679712552     21.681    0.010    0.009    0.019 
456440.000    30.4427949520   114.4679712577     21.681    0.010    0.009    0.019 
456441.000    30.4427949277   114.4679712037     21.679    0.010    0.009    0.019 
456442.000    30.4427949337   114.4679712349     21.682    0.010    0.009    0.019 
456443.000    30.4427949255   114.4679712503     21.681    0.010    0.009    0.019 
456444.000    30.4427949026   114.4679712068     21.685    0.010    0.009    0.019 
456445.000    30.4427949313   114.4679712490     21.688    0.010    0.009    0.019 
456446.000    30.4427949217   114.4679712471     21.687    0.010    0.009    0.019 
456447.000    30.4427949440   114.4679712366     21.689    0.010    0.009    0.019 
456448.000    30.4427949139   114.4679711957     21.689    0.010    0.009    0.019 
456449.000    30.4427949064   114.4679712262     21.685    0.010    0.009    0.019 
456450.000    30.4427949258   114.4679712466     21.686    0.010    0.009    0.019 
456451.000    30.4427949499   114.4679712588     21.686    0.010    0.009    0.019 
456452.000    30.4427949185   114.4679712508     21.689    0.010    0.009    0.019 
456453.000    30.4427949212   114.4679712217     21.690    0.010    0.009    0.019 
456454.000    30.4427949302   114.4679712562     21.680    0.010    0.009    0.019 
456455.000    30.4427949476   114.4679712288     21.687    0.010    0.009    0.019 
456456.000    30.4427948949   114.4679712258     21.687    0.010    0.009    0.019 
456457.000    30.4427949170   114.4679712119     21.690    0.010    0.009    0.019 
456458.000    30.4427949204   114.4679712444     21.686    0.010    0.009    0.019 
456459.000    30.4427949118   114.4679712136     21.694    0.010    0.009    0.019 
456460.000    30.4427949044   114.4679712488     21.685    0.010    0.009    0.019 
456461.000    30.4427948795   114.4679712062     21.697    0.010    0.009    0.019 
456462.000    30.4427949090   114.4679712273     21.694    0.010    0.009    0.019 
456463.000    30.4427949075   114.4679712419     21.694    0.010    0.009    0.019 
456464.000    30.4427949045   114.4679712583     21.686    0.010    0.009    0.019 
456465.000    30.4427948902   114.4679712767     21.686    0.010    0.009    0.019 
456466.000    30.4427948718   114.4679712370     21.697    0.010    0.009    0.019 
456467.000    30.4427948920   114.4679712503     21.691    0.010    0.009    0.019 
456468.000    30.4427949005   114.4679712535     21.693    0.010    0.009    0.019 
456469.000    30.4427949371   114.4679712288     21.697    0.010    0.009    0.019 
456470.000    30.4427949143   114.4679712697     21.701    0.010    0.009    0.019 
456471.000    30.4427948849   114.4679693043     21.703    0.010    0.009    0.019 
456472.000    30.4427946521   114.4679596422     21.697    0.010    0.009    0.019 
456473.000    30.4427941333   114.4679390425     21.707    0.010    0.009    0.019 
456474.000    30.4427923961   114.4679025386     21.719    0.010    0.009    0.019 
456475.000    30.4427892539   114.4678504688     21.750    0.010    0.009    0.019 
456476.000    30.4427855936   114.4677822413     21.778    0.010    0.009    0.019 
456477.000    30.4427812878   114.4676979047     21.804    0.010    0.009    0.019 
456478.000    30.4427790255   114.4675998419     21.855    0.010    0.009    0.019 
456479.000    30.4427789085   114.4674911359     21.928    0.010    0.009    0.019 
456480.000    30.4427793852   114.4673737414     21.975    0.010    0.010    0.023 
456481.000    30.4427796652   114.4672478754     21.975    0.010    0.010    0.023 
456482.000    30.4427795759   114.4671143145     22.036    0.010    0.010    0.023 
456483.000    30.4427782435   114.4669756051     22.077    0.010    0.011    0.025 
456484.000    30.4427751297   114.4668330825     22.162    0.010    0.011    0.025 
456485.000    30.4427722049   114.4666868689     22.193    0.010    0.011    0.026 
456486.000    30.4427750229   114.4665374140     22.246    0.010    0.011    0.026 
456487.000    30.4427794834   114.4663856602     22.293    0.010    0.010    0.022 
456488.000    30.4427822457   114.4662346398     22.363    0.010    0.010    0.022 
456489.000    30.4427846914   114.4660843310     22.417    0.010    0.010    0.022 
456490.000    30.4427869668   114.4659342395     22.442    0.010    0.010    0.022 
456491.000    30.4427887779   114.4657836001     22.478    0.010    0.010    0.022 
456492.000    30.4427903790   114.4656330747     22.560    0.010    0.010    0.022 
456493.000    30.4427911332   114.4654829397     22.613    0.010    0.010    0.022 
456494.000    30.4427923779   114.4653330374     22.701    0.010    0.010    0.022 
456495.000    30.4427932849   114.4651832789     22.731    0.010    0.010    0.022 
456496.000    30.4427941242   114.4650333700     22.788    0.010    0.010    0.022 
456497.000    30.4427958683   114.4648823479     22.810    0.010    0.010    0.022 
456498.000    30.4427979156   114.4647308898     22.877    0.010    0.011    0.026 
456499.000    30.4427996744   114.4645796552     22.951    0.010    0.011    0.025 
456500.000    30.4428014920   114.4644285566     23.014    0.010    0.011    0.026 
456501.000    30.4428026598   114.4642763361     23.108    0.010    0.011    0.026 
456502.000    30.4428040206   114.4641229319     23.120    0.010    0.011    0.026 
456503.000    30.4428056876   114.4639692346     23.189    0.010    0.011    0.026 
456504.000    30.4428070183   114.4638152939     23.254    0.010    0.011    0.026 
456505.000    30.4428083023   114.4636612101     23.314    0.010    0.010    0.022 
456506.000    30.4428108151   114.4635076041     23.409    0.010    0.010    0.022 
456507.000    30.4428144700   114.4633553390     23.470    0.011    0.011    0.031 
456508.000    30.4428196344   114.4632047771     23.544    0.011    0.011    0.031 
456509.000    30.4428255577   114.4630580464     23.588    0.012    0.011    0.034 
456510.000    30.4428306341   114.4629171377     23.665    0.012    0.011    0.034 
456511.000    30.4428348491   114.4627854299     23.727    0.010    0.010    0.022 
456512.000    30.4428381802   114.4626627986     23.799    0.010    0.010    0.022 
456513.000    30.4428406148   114.4625478466     23.838    0.010    0.010    0.022 
456514.000    30.4428481992   114.4624402649     23.847    0.010    0.010    0.022 
456515.000    30.4428655751   114.4623404035     23.829    0.010    0.010    0.022 
456516.000    30.4428942244   114.4622461986     23.898    0.010    0.010    0.022 
456517.000    30.4429347580   114.4621599130     23.956    0.010    0.010    0.022 
456518.000    30.4429860728   114.4620839144     24.043    0.010    0.010    0.022 
456519.000    30.4430470204   114.4620218274     24.223    0.010    0.010    0.022 
456520.000    30.4431155150   114.4619749225     24.343    0.010    0.010    0.022 
456521.000    30.4431893667   114.4619438113     24.463    0.010    0.010    0.022 
456522.000    30.4432684957   114.4619288256     24.517    0.010    0.010    0.022 
456523.000    30.4433518076   114.4619235198     24.541    0.010    0.010    0.022 
456524.000    30.4434386985   114.4619220449     24.559    0.012    0.010    0.027 
456525.000    30.4435291712   114.4619227499     24.613    0.010    0.009    0.020 
456526.000    30.4436225799   114.4619241658     24.655    0.010    0.009    0.020 
456527.000    30.4437192509   114.4619246100     24.679    0.010    0.009    0.020 
456528.000    30.4438189287   114.4619246918     24.732    0.010    0.010    0.024 
456529.000    30.4439214787   114.4619233400     24.757    0.010    0.010    0.022 
456530.000    30.4440266821   114.4619224779     24.786    0.011    0.010    0.026 
456531.000    30.4441340986   114.4619219388     24.854    0.011    0.010    0.026 
456532.000    30.4442435781   114.4619222256     24.878    0.010    0.010    0.024 
456533.000    30.4443543427   114.4619233686     24.946    0.011    0.011    0.029 
456534.000    30.4444664510   114.4619252089     24.981    0.011    0.011    0.029 
456535.000    30.4445800302   114.4619276697     25.042    0.010    0.010    0.023 
456536.000    30.4446947142   114.4619301144     25.094    0.010    0.010    0.023 
456537.000    30.4448105008   114.4619328179     25.127    0.010    0.009    0.019 
456538.000    30.4449272265   114.4619362364     25.189    0.010    0.009    0.019 
456539.000    30.4450446893   114.4619402494     25.216    0.010    0.009    0.019 
456540.000    30.4451622146   114.4619443148     25.259    0.010    0.009    0.019 
456541.000    30.4452781424   114.4619477841     25.300    0.010    0.009    0.019 
456542.000    30.4453916556   114.4619500795     25.348    0.010    0.009    0.019 
456543.000    30.4454996898   114.4619506373     25.381    0.010    0.009    0.019 
456544.000    30.4455999146   114.4619503044     25.431    0.010    0.009    0.019 
456545.000    30.4456886673   114.4619501478     25.481    0.010    0.009    0.019 
456546.000    30.4457655785   114.4619496484     25.501    0.010    0.009    0.019 
456547.000    30.4458303450   114.4619493969     25.534    0.010    0.009    0.019 
456548.000    30.4458848230   114.4619491826     25.578    0.010    0.009    0.019 
456549.000    30.4459301662   114.4619492615     25.584    0.010    0.009    0.019 
456550.000    30.4459658452   114.4619491519     25.603    0.010    0.009    0.019 
456551.000    30.4459894321   114.4619491236     25.602    0.010    0.009    0.019 
456552.000    30.4460014654   114.4619490034     25.590    0.010    0.009    0.019 
456553.000    30.4460066302   114.4619490469     25.590    0.010    0.009    0.019 
456554.000    30.4460068218   114.4619490544     25.590    0.010    0.009    0.019 
456555.000    30.4460068055   114.4619490684     25.596    0.010    0.009    0.019 
456556.000    30.4460068175   114.4619490523     25.594    0.010    0.009    0.019 
456557.000    30.4460067930   114.4619490637     25.593    0.010    0.009    0.019 
456558.000    30.4460068001   114.4619490428     25.599    0.010    0.009    0.019 
456559.000    30.4460068231   114.4619490766     25.591    0.010    0.009    0.019 
456560.000    30.4460067623   114.4619490410     25.590    0.010    0.009    0.019 
456561.000    30.4460067966   114.4619490452     25.589    0.010    0.009    0.019 
456562.000    30.4460068037   114.4619490317     25.592    0.010    0.009    0.019 
456563.000    30.4460067903   114.4619490290     25.593    0.010    0.009    0.019 
456564.000    30.4460067971   114.4619490761     25.588    0.010    0.009    0.019 
456565.000    30.4460067912   114.4619490465     25.583    0.010    0.009    0.019 
456566.000    30.4460067901   114.4619490300     25.592    0.010    0.009    0.019 
456567.000    30.4460068057   114.4619490289     25.593    0.010    0.009    0.019 
456568.000    30.4460067933   114.4619490380     25.591    0.010    0.009    0.019 
456569.000    30.4460067562   114.4619490512     25.593    0.010    0.009    0.019 
456570.000    30.4460068034   114.4619490374     25.594    0.010    0.009    0.019 
456571.000    30.4460067926   114.4619490336     25.588    0.010    0.009    0.019 
456572.000    30.4460067778   114.4619490538     25.594    0.010    0.009    0.019 
456573.000    30.4460067775   114.4619490311     25.595    0.010    0.009    0.019 
456574.000    30.4460067932   114.4619490542     25.597    0.010    0.009    0.019 
456575.000    30.4460067724   114.4619490444     25.587    0.010    0.009    0.019 
456576.000    30.4460068020   114.4619490225     25.597    0.010    0.009    0.019 
456577.000    30.4460069308   114.4619490180     25.594    0.010    0.009    0.019 
456578.000    30.4460095177   114.4619490353     25.589    0.010    0.009    0.019 
456579.000    30.4460168965   114.4619490312     25.586    0.010    0.009    0.019 
456580.000    30.4460320047   114.4619489187     25.591    0.010    0.009    0.019 
456581.000    30.4460566698   114.4619486936     25.607    0.010    0.009    0.019 
456582.000    30.4460902761   114.4619484765     25.628    0.010    0.009    0.019 
456583.000    30.4461320155   114.4619481107     25.644    0.010    0.009    0.019 
456584.000    30.4461850127   114.4619475421     25.670    0.010    0.009    0.019 
456585.000    30.4462493362   114.4619466269     25.697    0.010    0.009    0.019 
456586.000    30.4463230373   114.4619455508     25.740    0.010    0.009    0.019 
456587.000    30.4464037458   114.4619434352     25.794    0.010    0.009    0.019 
456588.000    30.4464920654   114.4619401422     25.881    0.010    0.009    0.019 
456589.000    30.4465881110   114.4619365960     25.965    0.010    0.009    0.019 
456590.000    30.4466922674   114.4619321777     26.038    0.010    0.009    0.019 
456591.000    30.4468033287   114.4619257344     26.132    0.010    0.009    0.019 
456592.000    30.4469192740   114.4619175247     26.231    0.010    0.009    0.019 
456593.000    30.4470389626   114.4619075038     26.316    0.010    0.009    0.019 
456594.000    30.4471611707   114.4618963841     26.425    0.010    0.010    0.023 
456595.000    30.4472856354   114.4618844400     26.520    0.010    0.010    0.023 
456596.000    30.4474123682   114.4618717286     26.609    0.010    0.010    0.023 
456597.000    30.4475404351   114.4618588485     26.697    0.010    0.010    0.023 
456598.000    30.4476684376   114.4618465374     26.809    0.011    0.011    0.028 
456599.000    30.4477963410   114.4618339479     26.903    0.010    0.010    0.023 
456600.000    30.4479240868   114.4618200516     27.036    0.010    0.010    0.023 
456601.000    30.4480514775   114.4618049253     27.152    0.010    0.010    0.023 
456602.000    30.4481774270   114.4617885214     27.233    0.010    0.010    0.023 
456603.000    30.4483020398   114.4617708771     27.313    0.010    0.009    0.019 
456604.000    30.4484250379   114.4617524372     27.409    0.010    0.010    0.023 
456605.000    30.4485465432   114.4617332931     27.500    0.010    0.010    0.023 
456606.000    30.4486666135   114.4617134175     27.603    0.010    0.010    0.022 
456607.000    30.4487854719   114.4616930971     27.726    0.010    0.010    0.022 
456608.000    30.4489029390   114.4616729448     27.786    0.010    0.010    0.023 
456609.000    30.4490191747   114.4616528145     27.898    0.010    0.010    0.023 
456610.000    30.4491345944   114.4616330820     27.971    0.010    0.010    0.022 
456611.000    30.4492492951   114.4616135994     28.054    0.010    0.008    0.018 
456612.000    30.4493631195   114.4615943730     28.161    0.010    0.008    0.019 
456613.000    30.4494759965   114.4615754300     28.257    0.010    0.008    0.019 
456614.000    30.4495873286   114.4615555473     28.320    0.011    0.009    0.021 
456615.000    30.4496967103   114.4615337273     28.407    0.016    0.009    0.028 
456616.000    30.4498044823   114.4615099425     28.489    0.016    0.009    0.028 
456617.000    30.4499127289   114.4614838538     28.581    0.016    0.009    0.028 
456618.000    30.4500215413   114.4614562513     28.645    0.016    0.009    0.028 
456619.000    30.4501304207   114.4614274669     28.749    0.016    0.009    0.028 
456620.000    30.4502382108   114.4613962570     28.831    0.016    0.009    0.028 
456621.000    30.4503448392   114.4613625063     28.926    0.016    0.009    0.028 
456622.000    30.4504506726   114.4613269018     29.000    0.016    0.009    0.028 
456623.000    30.4505564116   114.4612901853     29.103    0.016    0.009    0.028 
456624.000    30.4506628041   114.4612533700     29.206    0.016    0.009    0.028 
456625.000    30.4507715309   114.4612175889     29.318    0.010    0.008    0.018 
456626.000    30.4508831049   114.4611834682     29.415    0.010    0.008    0.018 
456627.000    30.4509968849   114.4611500358     29.509    0.010    0.008    0.018 
456628.000    30.4511123199   114.4611149938     29.587    0.010    0.008    0.018 
456629.000    30.4512293564   114.4610787374     29.695    0.010    0.008    0.018 
456630.000    30.4513477130   114.4610419975     29.805    0.010    0.008    0.018 
456631.000    30.4514674322   114.4610046750     29.899    0.010    0.008    0.018 
456632.000    30.4515875790   114.4609672408     29.993    0.010    0.009    0.018 
456633.000    30.4517079225   114.4609303674     30.094    0.010    0.009    0.018 
456634.000    30.4518282163   114.4608939108     30.200    0.010    0.009    0.018 
456635.000    30.4519483783   114.4608574563     30.319    0.010    0.009    0.018 
456636.000    30.4520687334   114.4608210413     30.376    0.010    0.009    0.018 
456637.000    30.4521890143   114.4607848854     30.494    0.010    0.008    0.018 
456638.000    30.4523089198   114.4607485540     30.575    0.010    0.008    0.018 
456639.000    30.4524275108   114.4607118346     30.666    0.010    0.008    0.018 
456640.000    30.4525448877   114.4606754926     30.777    0.010    0.009    0.018 
456641.000    30.4526609412   114.4606397735     30.847    0.010    0.008    0.018 
456642.000    30.4527757995   114.4606051831     30.927    0.010    0.008    0.018 
456643.000    30.4528884909   114.4605765037     31.030    0.010    0.008    0.018 
456644.000    30.4529987276   114.4605536130     31.154    0.010    0.008    0.018 
456645.000    30.4531049141   114.4605335436     31.227    0.010    0.008    0.018 
456646.000    30.4532080475   114.4605099805     31.251    0.010    0.008    0.018 
456647.000    30.4533087925   114.4604828527     31.312    0.010    0.008    0.018 
456648.000    30.4534070790   114.4604547758     31.380    0.010    0.008    0.018 
456649.000    30.4535002849   114.4604271848     31.471    0.010    0.008    0.018 
456650.000    30.4535849232   114.4604054543     31.566    0.010    0.008    0.019 
456651.000    30.4536589998   114.4603970355     31.598    0.010    0.008    0.019 
456652.000    30.4537208112   114.4604052237     31.684    0.010    0.010    0.022 
456653.000    30.4537700013   114.4604317939     31.745    0.010    0.010    0.023 
456654.000    30.4538073380   114.4604746512     31.856    0.010    0.010    0.024 
456655.000    30.4538338961   114.4605290352     31.931    0.010    0.010    0.023 
456656.000    30.4538484823   114.4605931978     31.983    0.010    0.010    0.023 
456657.000    30.4538533791   114.4606640663     32.046    0.010    0.010    0.023 
456658.000    30.4538542768   114.4607418395     32.083    0.010    0.010    0.023 
456659.000    30.4538547300   114.4608269630     32.103    0.010    0.010    0.023 
456660.000    30.4538555638   114.4609197963     32.165    0.010    0.010    0.023 
456661.000    30.4538565407   114.4610197062     32.284    0.010    0.010    0.023 
456662.000    30.4538575311   114.4611255623     32.378    0.010    0.010    0.023 
456663.000    30.4538587294   114.4612365556     32.557    0.010    0.010    0.023 
456664.000    30.4538599217   114.4613520610     32.790    0.010    0.010    0.023 
456665.000    30.4538610206   114.4614717244     33.072    0.010    0.010    0.023 
456666.000    30.4538601162   114.4615943806     33.374    0.010    0.010    0.023 
456667.000    30.4538569140   114.4617198714     33.683    0.010    0.010    0.023 
456668.000    30.4538526409   114.4618479458     34.007    0.010    0.010    0.023 
456669.000    30.4538483693   114.4619787156     34.336    0.012    0.012    0.030 
456670.000    30.4538439801   114.4621120635     34.624    0.010    0.010    0.023 
456671.000    30.4538368074   114.4622473899     34.938    0.010    0.008    0.019 
456672.000    30.4538292561   114.4623841539     35.160    0.010    0.008    0.019 
456673.000    30.4538214680   114.4625223109     35.307    0.010    0.008    0.019 
456674.000    30.4538130942   114.4626608003     35.327    0.010    0.008    0.019 
456675.000    30.4538051760   114.4627981317     35.198    0.010    0.008    0.019 
456676.000    30.4537982127   114.4629343465     35.016    0.010    0.008    0.019 
456677.000    30.4537921289   114.4630682193     34.820    0.010    0.008    0.019 
456678.000    30.4537859719   114.4631994553     34.616    0.010    0.008    0.019 
456679.000    30.4537796140   114.4633288296     34.410    0.010    0.008    0.019 
456680.000    30.4537729388   114.4634584514     34.192    0.011    0.009    0.020 
456681.000    30.4537652880   114.4635879916     33.980    0.012    0.009    0.020 
456682.000    30.4537568310   114.4637164755     33.790    0.012    0.009    0.020 
456683.000    30.4537474655   114.4638442277     33.582    0.012    0.009    0.020 
456684.000    30.4537372373   114.4639714767     33.376    0.012    0.009    0.020 
456685.000    30.4537281954   114.4640982291     33.173    0.013    0.009    0.020 
456686.000    30.4537185471   114.4642249688     32.953    0.011    0.009    0.019 
456687.000    30.4537085224   114.4643508699     32.760    0.011    0.009    0.019 
456688.000    30.4537021720   114.4644759177     32.558    0.011    0.009    0.019 
456689.000    30.4536973071   114.4645999123     32.386    0.011    0.009    0.019 
456690.000    30.4536924504   114.4647243486     32.192    0.011    0.009    0.019 
456691.000    30.4536873479   114.4648518709     31.970    0.010    0.009    0.019 
456692.000    30.4536816093   114.4649833246     31.728    0.010    0.009    0.018 
456693.000    30.4536753179   114.4651186047     31.499    0.010    0.009    0.018 
456694.000    30.4536684564   114.4652567892     31.299    0.010    0.009    0.018 
456695.000    30.4536609715   114.4653966052     31.088    0.010    0.009    0.018 
456696.000    30.4536535285   114.4655376374     30.810    0.010    0.009    0.018 
456697.000    30.4536468636   114.4656792930     30.643    0.010    0.010    0.023 
456698.000    30.4536408827   114.4658195769     30.381    0.010    0.010    0.023 
456699.000    30.4536351854   114.4659601156     30.165    0.015    0.011    0.032 
456700.000    30.4536288651   114.4660999595     29.972    0.010    0.010    0.023 
456701.000    30.4536213382   114.4662382455     29.750    0.010    0.010    0.023 
456702.000    30.4536133347   114.4663750943     29.519    0.010    0.010    0.022 
456703.000    30.4536056193   114.4665114052     29.319    0.010    0.010    0.022 
456704.000    30.4535983522   114.4666472400     29.165    0.013    0.012    0.030 
456705.000    30.4535918575   114.4667819841     29.038    0.010    0.010    0.022 
456706.000    30.4535858065   114.4669155405     28.927    0.010    0.010    0.022 
456707.000    30.4535799975   114.4670479260     28.833    0.010    0.010    0.022 
456708.000    30.4535745171   114.4671788691     28.737    0.010    0.010    0.022 
456709.000    30.4535684214   114.4673081829     28.681    0.010    0.010    0.022 
456710.000    30.4535620703   114.4674346612     28.640    0.010    0.010    0.022 
456711.000    30.4535562879   114.4675577392     28.597    0.010    0.010    0.022 
456712.000    30.4535509780   114.4676826215     28.580    0.010    0.010    0.022 
456713.000    30.4535456425   114.4678118284     28.487    0.010    0.010    0.022 
456714.000    30.4535400579   114.4679440615     28.405    0.010    0.010    0.023 
456715.000    30.4535346062   114.4680788982     28.315    0.010    0.010    0.023 
456716.000    30.4535287267   114.4682181908     28.266    0.010    0.010    0.023 
456717.000    30.4535223527   114.4683621161     28.254    0.010    0.010    0.023 
456718.000    30.4535152687   114.4685096010     28.168    0.010    0.010    0.023 
456719.000    30.4535079933   114.4686601124     28.093    0.010    0.010    0.023 
456720.000    30.4535013606   114.4688134931     27.997    0.010    0.010    0.023 
456721.000    30.4534945040   114.4689687630     27.935    0.010    0.010    0.023 
456722.000    30.4534870608   114.4691250876     27.863    0.010    0.010    0.023 
456723.000    30.4534790851   114.4692827052     27.781    0.010    0.010    0.023 
456724.000    30.4534706481   114.4694416653     27.681    0.010    0.010    0.023 
456725.000    30.4534627561   114.4696017481     27.552    0.010    0.010    0.023 
456726.000    30.4534545635   114.4697629313     27.379    0.010    0.010    0.023 
456727.000    30.4534460563   114.4699252080     27.187    0.010    0.010    0.023 
456728.000    30.4534376854   114.4700887738     26.984    0.010    0.010    0.023 
456729.000    30.4534292730   114.4702531880     26.802    0.010    0.009    0.019 
456730.000    30.4534206046   114.4704178463     26.583    0.010    0.009    0.019 
456731.000    30.4534119846   114.4705821490     26.394    0.016    0.009    0.030 
456732.000    30.4534033364   114.4707428316     26.211    0.010    0.009    0.020 
456733.000    30.4533941946   114.4708958490     26.016    0.010    0.009    0.019 
456734.000    30.4533827141   114.4710384793     25.801    0.010    0.009    0.020 
456735.000    30.4533690510   114.4711689593     25.622    0.011    0.009    0.021 
456736.000    30.4533553272   114.4712909876     25.481    0.010    0.009    0.020 
456737.000    30.4533459233   114.4714054788     25.316    0.010    0.009    0.020 
456738.000    30.4533385312   114.4715093932     25.152    0.010    0.009    0.020 
456739.000    30.4533316275   114.4716045140     24.977    0.010    0.009    0.020 
456740.000    30.4533224172   114.4716897915     24.809    0.010    0.009    0.019 
456741.000    30.4532999641   114.4717696896     24.606    0.010    0.009    0.019 
456742.000    30.4532571534   114.4718386042     24.430    0.010    0.009    0.020 
456743.000    30.4531973524   114.4718896256     24.258    0.010    0.009    0.020 
456744.000    30.4531257023   114.4719193824     24.066    0.010    0.009    0.020 
456745.000    30.4530478931   114.4719343187     23.897    0.010    0.009    0.020 
456746.000    30.4529659799   114.4719393201     23.723    0.010    0.010    0.025 
456747.000    30.4528814240   114.4719398626     23.518    0.010    0.009    0.020 
456748.000    30.4527940522   114.4719386483     23.302    0.010    0.009    0.020 
456749.000    30.4527036995   114.4719383634     23.102    0.010    0.009    0.020 
456750.000    30.4526106583   114.4719383011     22.881    0.010    0.009    0.019 
456751.000    30.4525148500   114.4719381901     22.659    0.010    0.009    0.019 
456752.000    30.4524158851   114.4719378969     22.427    0.010    0.009    0.019 
456753.000    30.4523137147   114.4719368913     22.205    0.010    0.009    0.020 
456754.000    30.4522078412   114.4719351715     21.969    0.011    0.010    0.025 
456755.000    30.4520985298   114.4719335700     21.711    0.013    0.010    0.028 
456756.000    30.4519859584   114.4719321460     21.414    0.013    0.010    0.028 
456757.000    30.4518699776   114.4719308487     21.141    0.011    0.010    0.025 
456758.000    30.4517514850   114.4719293458     20.869    0.011    0.010    0.025 
456759.000    30.4516318436   114.4719275969     20.595    0.012    0.010    0.020 
456760.000    30.4515130950   114.4719255918     20.321    0.011    0.009    0.020 
456761.000    30.4513956379   114.4719232933     20.058    0.011    0.011    0.025 
456762.000    30.4512757498   114.4719203708     19.748    0.011    0.011    0.025 
456763.000    30.4511499316   114.4719170352     19.459    0.011    0.011    0.025 
456764.000    30.4510193388   114.4719132058     19.141    0.011    0.011    0.025 
456765.000    30.4508877632   114.4719086545     18.924    0.011    0.010    0.025 
456766.000    30.4507583418   114.4719052319     18.873    0.011    0.010    0.025 
456767.000    30.4506310183   114.4719033866     18.818    0.010    0.009    0.020 
456768.000    30.4505065934   114.4719025292     18.783    0.010    0.009    0.020 
456769.000    30.4503850744   114.4719032156     18.800    0.011    0.010    0.025 
456770.000    30.4502639764   114.4719039702     18.833    0.011    0.010    0.024 
456771.000    30.4501413883   114.4719050338     18.758    0.011    0.010    0.024 
456772.000    30.4500165860   114.4719061094     18.772    0.011    0.010    0.024 
456773.000    30.4498895371   114.4719069148     18.811    0.011    0.010    0.024 
456774.000    30.4497610476   114.4719074544     18.825    0.011    0.010    0.025 
456775.000    30.4496311982   114.4719075282     18.928    0.011    0.010    0.025 
456776.000    30.4495007869   114.4719086358     19.021    0.011    0.010    0.025 
456777.000    30.4493707464   114.4719109247     19.134    0.011    0.010    0.025 
456778.000    30.4492416640   114.4719133850     19.238    0.011    0.010    0.025 
456779.000    30.4491137395   114.4719155177     19.343    0.011    0.010    0.025 
456780.000    30.4489878595   114.4719177833     19.443    0.013    0.010    0.027 
456781.000    30.4488644905   114.4719199786     19.565    0.013    0.010    0.027 
456782.000    30.4487425738   114.4719219473     19.635    0.013    0.010    0.027 
456783.000    30.4486214339   114.4719238352     19.731    0.013    0.010    0.027 
456784.000    30.4485006948   114.4719255351     19.854    0.013    0.010    0.027 
456785.000    30.4483801966   114.4719271733     19.920    0.011    0.010    0.025 
456786.000    30.4482593379   114.4719282611     20.019    0.011    0.010    0.025 
456787.000    30.4481385836   114.4719288078     20.093    0.011    0.010    0.025 
456788.000    30.4480178471   114.4719286486     20.179    0.011    0.010    0.025 
456789.000    30.4478977755   114.4719273818     20.297    0.012    0.012    0.031 
456790.000    30.4477782758   114.4719252539     20.416    0.012    0.012    0.031 
456791.000    30.4476587593   114.4719223112     20.508    0.014    0.013    0.036 
456792.000    30.4475392777   114.4719183203     20.559    0.011    0.010    0.025 
456793.000    30.4474203564   114.4719137263     20.676    0.011    0.010    0.025 
456794.000    30.4473027705   114.4719085336     20.761    0.013    0.012    0.025 
456795.000    30.4471883913   114.4719030240     20.832    0.012    0.011    0.025 
456796.000    30.4470777652   114.4718975056     20.923    0.011    0.011    0.025 
456797.000    30.4469721198   114.4718923945     20.992    0.011    0.011    0.025 
456798.000    30.4468722737   114.4718880423     21.055    0.011    0.012    0.026 
456799.000    30.4467741454   114.4718859904     21.116    0.011    0.011    0.025 
456800.000    30.4466754925   114.4718864004     21.199    0.011    0.011    0.025 
456801.000    30.4465752855   114.4718871016     21.301    0.011    0.011    0.025 
456802.000    30.4464739229   114.4718870105     21.382    0.011    0.011    0.025 
456803.000    30.4463714455   114.4718861268     21.482    0.011    0.011    0.025 
456804.000    30.4462679035   114.4718847030     21.600    0.011    0.011    0.025 
456805.000    30.4461628861   114.4718832684     21.639    0.011    0.011    0.025 
456806.000    30.4460563407   114.4718830086     21.616    0.011    0.011    0.025 
456807.000    30.4459470852   114.4718842375     21.561    0.011    0.009    0.020 
